0,255.3722222222222
1,255.92777777777775
2,256.4833333333333
3,257.0388888888889
4,257.59444444444443
5,258.15
6,258.7055555555555
7,259.26111111111106
8,259.81666666666666
9,260.3722222222222
10,260.92777777777775
11,261.4833333333333
12,262.0388888888889
13,262.59444444444443
14,263.15
15,263.7055555555555
16,264.26111111111106
17,264.81666666666666
18,265.3722222222222
19,265.92777777777775
20,266.4833333333333
21,267.0388888888889
22,267.59444444444443
23,268.15
24,268.7055555555555
25,269.26111111111106
26,269.81666666666666
27,270.3722222222222
28,270.92777777777775
29,271.4833333333333
30,272.0388888888889
31,272.59444444444443
32,273.15
33,273.7055555555555
34,274.26111111111106
35,274.81666666666666
36,275.3722222222222
37,275.92777777777775
38,276.4833333333333
39,277.0388888888889
40,277.59444444444443
41,278.15
42,278.7055555555555
43,279.26111111111106
44,279.81666666666666
45,280.3722222222222
46,280.92777777777775
47,281.4833333333333
48,282.0388888888889
49,282.59444444444443
50,283.15
51,283.7055555555555
52,284.26111111111106
53,284.81666666666666
54,285.3722222222222
55,285.92777777777775
56,286.4833333333333
57,287.0388888888889
58,287.59444444444443
59,288.15
60,288.7055555555555
61,289.26111111111106
62,289.81666666666666
63,290.3722222222222
64,290.92777777777775
65,291.4833333333333
66,292.0388888888889
67,292.59444444444443
68,293.15
69,293.7055555555555
70,294.26111111111106
71,294.81666666666666
72,295.3722222222222
73,295.92777777777775
74,296.4833333333333
75,297.0388888888889
76,297.59444444444443
77,298.15
78,298.7055555555555
79,299.26111111111106
80,299.81666666666666
81,300.3722222222222
82,300.92777777777775
83,301.4833333333333
84,302.0388888888889
85,302.59444444444443
86,303.15
87,303.7055555555555
88,304.26111111111106
89,304.81666666666666
90,305.3722222222222
91,305.92777777777775
92,306.4833333333333
93,307.0388888888889
94,307.59444444444443
95,308.15
96,308.7055555555555
97,309.26111111111106
98,309.81666666666666
99,310.3722222222222
